0.3684210526315789
0.5
0.45
0.65
0.47368421052631576
0.35
0.45
0.6
0.5
0.5
0.4
0.5
0.6
0.5
0.3
0.35
0.4
0.35
0.5
0.65
0.45
0.55
0.5
0.65
0.5
0.3
0.4
0.45
0.6
0.7222222222222222
0.5
0.35
0.45
0.42105263157894735
0.5
0.45
0.55
0.45
0.5263157894736842
0.5
0.55
0.5
0.5
0.35
0.6
0.3
0.65
0.65
0.3684210526315789
0.35
0.4
0.5263157894736842
0.5
0.5
0.6
0.3
0.5
0.3
0.47368421052631576
0.75
0.47368421052631576
0.7
0.3684210526315789
0.55
0.3
0.45
0.45
0.55
0.55
0.45
0.6
0.4
0.25
0.65
0.5
0.55
0.4
0.5
0.3157894736842105
0.3
0.45
0.65
0.45
0.47368421052631576
0.2
0.4
0.4
0.7
0.55
0.5555555555555556
0.45
0.6
0.6
0.6842105263157895
0.5
0.7
0.35
0.55
0.35
0.6
0.7
0.45
0.35
0.6
0.5263157894736842
0.45
0.5
0.6
0.65
0.6
0.6
0.5
0.65
0.35
0.6
0.45
0.35
0.45
0.7
0.65
0.45
0.4
0.35
0.7368421052631579
0.55
0.4
0.4
0.55
0.5
0.5555555555555556
0.55
0.55
0.42105263157894735
0.7
0.3684210526315789
0.3157894736842105
0.5
0.3
0.5
0.45
0.5
0.42105263157894735
0.35
0.65
0.65
0.55
0.6
0.3
0.75
0.55
0.45
0.45
0.4
0.45
0.55
0.5
0.5789473684210527
0.45
0.5263157894736842
0.4
0.3684210526315789
0.47368421052631576
0.3
0.3
0.55
0.45
0.6
0.4
0.6
0.5
0.65
0.5263157894736842
0.6
0.65
0.6
0.3
0.4
0.6
0.55
0.5789473684210527
0.4
0.6
0.55
0.3684210526315789
0.45
0.5263157894736842
0.4
0.55
0.45
0.4
0.5
0.4
0.55
0.35
0.5
0.4
0.55
0.45
0.65
0.6
0.45
0.5789473684210527
0.35
0.35
0.65
0.45
0.55
0.47368421052631576
0.55
0.4
0.5
0.5
0.45
0.45
0.3
0.6
0.55
0.5
0.4
0.4
0.45
0.3684210526315789
0.35
0.3157894736842105
0.6
0.45
0.5
0.2222222222222222
0.45
0.55
0.4
0.45
0.7
0.6
0.3157894736842105
0.4
0.6
0.5263157894736842
0.65
0.5263157894736842
0.45
0.5789473684210527
0.55
0.4
0.45
0.5
0.55
0.42105263157894735
0.4
0.5
0.65
0.3
0.75
0.35
0.42105263157894735
0.5
0.7368421052631579
0.35
0.65
0.4
0.35
0.65
0.4
0.35
0.6
0.7
0.5
0.35
0.5
0.5
0.47368421052631576
0.45
0.55
0.6
0.55
0.75
0.47368421052631576
0.45
0.55
0.47368421052631576
0.5
0.47368421052631576
0.55
0.7
0.5
0.65
0.55
0.6
0.35
0.5
0.45
0.45
0.5
0.5
0.35
0.3
0.5263157894736842
0.45
0.45
0.3
0.3
0.4
0.3
0.3
0.5
0.45
0.5263157894736842
0.45
0.47368421052631576
0.55
0.6
0.6
0.5
0.25
0.55
0.45
0.45
0.5
0.5
0.4
0.42105263157894735
0.5
0.65
0.55
0.35
0.7
0.55
0.5
0.45
0.55
0.55
0.47368421052631576
0.35
0.6
0.35
0.7
0.631578947368421
0.3684210526315789
0.55
0.7
0.45
0.7
0.35
0.55
0.35
0.45
0.55
0.45
0.42105263157894735
0.47368421052631576
0.5
0.6
0.6666666666666666
0.4
0.5
0.42105263157894735
0.55
0.65
0.4
0.55
0.65
0.5
0.45
0.5789473684210527
0.47368421052631576
0.5
0.55
0.6
0.55
0.35
0.5
0.55
0.7
0.3
0.45
0.4
0.47368421052631576
0.5
0.5789473684210527
0.5
0.55
0.6
0.42105263157894735
0.7777777777777778
0.631578947368421
0.55
0.7894736842105263
0.4
0.75
0.4
0.3157894736842105
0.35
0.4
0.4
0.3
0.55
0.45
0.3
0.6
0.7
0.35
0.5
0.6
0.55
0.6
0.45
0.5789473684210527
0.65
0.5
0.6
0.7
0.65
0.55
0.55
0.5
0.55
0.7
0.55
0.5
0.5
0.35
0.4
0.4
0.5263157894736842
0.45
0.55
0.8
0.65
0.5
0.65
0.6
0.25
0.6
0.45
0.3
0.6
0.65
0.45
0.55
0.55
0.65
0.55
0.631578947368421
0.4
0.65
0.5263157894736842
0.55
0.45
0.45
0.5
0.45
0.55
0.5
0.45
0.6
0.35
0.25
0.4
0.3
0.4
0.45
0.55
0.4
0.5263157894736842
0.3
0.55
0.4
0.35
0.35
0.5
0.4
0.4
0.65
0.35
0.5
0.55
0.5
0.6
0.35
0.3
0.4
0.47368421052631576
0.55
0.45
0.5
0.45
0.45
0.6
0.65
0.45
0.5
0.5
0.45
0.6
0.6
0.47368421052631576
0.6
0.6
0.45
0.65
0.45
0.45
0.35
0.55
0.55
0.45
0.45
0.4
0.3
0.5
0.55
0.35
0.65
0.47058823529411764
0.5789473684210527
0.35
0.35
0.45
0.35
0.45
0.45
0.5
0.5
0.35
0.42105263157894735
0.4
0.6
0.55
0.35
0.35
0.5263157894736842
0.5
0.6
0.45
0.5
0.45
0.45
0.4
0.7
0.7
0.3157894736842105
0.21052631578947367
0.55
0.65
0.45
0.5263157894736842
0.5
0.631578947368421
0.6
0.47368421052631576
0.55
0.65
0.3
0.3
0.2
0.55
0.5263157894736842
0.6
0.5
0.6
0.6
0.55
0.5
0.6
0.5
0.6842105263157895
0.6
0.6
0.55
0.6
0.6842105263157895
0.55
0.4
0.8
0.5
0.75
0.35
0.65
0.45
0.45
0.5789473684210527
0.6111111111111112
0.5
0.6
0.35
0.4
0.7
0.6
0.6
0.6
0.3684210526315789
0.7
0.6
0.2
0.6
0.5
0.5
0.7
0.5789473684210527
0.3684210526315789
0.45
0.6842105263157895
0.3684210526315789
0.35
0.6
0.65
0.65
0.5
0.3
0.15789473684210525
0.4
0.5
0.55
0.4
0.6
0.55
0.6
0.65
0.6
0.65
0.45
0.3684210526315789
0.65
0.45
0.65
0.45
0.45
0.21052631578947367
0.5
0.35
0.5
0.35
0.4
0.6
0.45
0.4
0.55
0.5
0.55
0.5
0.6
0.5
0.45
0.45
0.4
0.35
0.45
0.47368421052631576
0.75
0.55
0.45
0.8
0.5
0.42105263157894735
0.3
0.5
0.7
0.3157894736842105
0.4
0.5263157894736842
0.47368421052631576
0.45
0.65
0.25
0.47368421052631576
0.55
0.4
0.5
0.7
0.55
0.75
0.45
0.5789473684210527
0.45
0.4
0.3684210526315789
0.55
0.4
0.7
0.55
0.6
0.65
0.65
0.3157894736842105
0.55
0.55
0.5
0.55
0.6
0.25
0.5
0.55
0.5789473684210527
0.6
0.65
0.75
0.55
0.45
0.6
0.55
0.5263157894736842
0.45
0.5789473684210527
0.4
0.45
0.45
0.5
0.45
0.6
0.6
0.55
0.5
0.55
0.55
0.5
0.5
0.6
0.5263157894736842
0.5
0.55
0.35
0.4
0.6
0.6
0.55
0.55
0.4
0.5
0.3684210526315789
0.65
0.55
0.4
0.5789473684210527
0.65
0.35
0.4
0.35
0.4
0.65
0.5789473684210527
0.25
0.6
0.45
0.3
0.6
0.6666666666666666
0.5
0.35
0.5
0.65
0.55
0.5263157894736842
0.4444444444444444
0.3157894736842105
0.45
0.35
0.65
0.65
0.631578947368421
0.65
0.6
0.35
0.65
0.65
0.3
0.45
0.2
0.21052631578947367
0.6
0.45
0.35
0.4
0.6
0.6
0.5
0.5
0.45
0.55
0.65
0.3684210526315789
0.7
0.5
0.631578947368421
0.55
0.6
0.65
0.55
0.6
0.65
0.65
0.3
0.35
0.5263157894736842
0.55
0.65
0.6
0.45
0.45
0.55
0.6842105263157895
0.45
0.4
0.25
0.5
0.7
0.45
0.45
0.5
0.6
0.4
0.3684210526315789
0.45
0.35
0.45
0.25
0.6842105263157895
0.4
0.35
0.6
0.55
0.7
0.55
0.5
0.7
0.3684210526315789
0.7
0.6
0.7368421052631579
0.42105263157894735
0.6
0.65
0.45
0.35
0.7
0.4
0.47368421052631576
0.65
0.5
0.631578947368421
0.47368421052631576
0.4444444444444444
0.6
0.65
0.45
0.5263157894736842
0.5
0.55
0.6
0.55
0.47368421052631576
0.4
0.55
0.65
0.45
0.45
0.5
0.35
0.55
0.4
0.5
0.6
0.47368421052631576
0.45
0.631578947368421
0.35
0.55
0.5
0.45
0.45
0.45
0.5789473684210527
0.55
0.55
0.5
0.7
0.4
0.5
0.5
0.65
0.75
0.55
0.45
0.4
0.35
0.55
0.6
0.3157894736842105
0.42105263157894735
0.3684210526315789
0.7
0.5789473684210527
0.4
0.4
0.5
0.65
0.6
0.4
0.4
0.35
0.6
0.3684210526315789
0.4
0.6842105263157895
0.4
0.45
0.55
0.4
0.5
0.3
0.65
0.5
0.45
0.4
0.45
0.4
0.5263157894736842
0.45
0.4
0.45
0.5263157894736842
0.7
0.55
0.3
0.5789473684210527
0.55
0.6
0.47368421052631576
0.7894736842105263
0.42105263157894735
0.6
0.2
0.35
0.3684210526315789
0.47368421052631576
0.75
0.6
0.55
0.5
0.45
0.35
0.4
0.47368421052631576
0.5789473684210527
0.6842105263157895
0.5
0.8
0.42105263157894735
0.4
0.5
0.6
0.3
0.6
0.3
0.6
0.6
0.6
0.35
0.6
0.45
0.5263157894736842
0.55
0.55
0.45
0.5789473684210527
0.6
0.5
0.3
0.55
0.5263157894736842
0.631578947368421
0.55
0.42105263157894735
0.6
0.45
0.3157894736842105
0.55
0.55
0.5
0.4
0.55
0.85
0.5263157894736842
0.47368421052631576
0.55
0.6
0.35
0.47368421052631576
0.6
0.35
0.6
0.5
0.45
0.55
0.35
0.55
0.55
0.4
0.35
0.65
0.3157894736842105
0.55
0.42105263157894735
0.631578947368421
0.47368421052631576
0.5
0.55
0.4
0.631578947368421
0.35
0.55
0.45
0.45
0.4
0.55
0.7
0.25
0.47368421052631576
0.5
0.55
0.65
0.65
0.55
0.55
0.4
0.5
0.5
0.55
0.55
0.55
0.5
0.45
0.4
0.4
0.6
0.6
0.5
0.45
0.45
0.6
0.6
0.65
0.45
0.65
0.35
0.45
0.5
0.5263157894736842
0.45
0.35
0.45
0.4
0.5263157894736842
0.75
0.45
0.45
0.45
0.5
0.5
0.45
0.65
0.6
0.35
0.4
0.35
0.47368421052631576
0.65
0.42105263157894735
0.65
0.4
0.5
0.3
0.5
0.3
0.631578947368421
0.3
0.45
0.4
0.5
0.5
0.5263157894736842
0.3157894736842105
0.5
0.5
0.5
0.55
0.3
0.55
0.45
0.6
0.35
0.35
0.4
0.55
0.4
0.5789473684210527
0.55
0.55
0.45
0.45
0.5
0.5
0.45
0.42105263157894735
0.6111111111111112
0.6
0.35
0.6
0.6
0.55
0.35
0.65
0.55
0.5
0.75
0.5789473684210527
0.35
0.5263157894736842
0.35
0.6
0.4
0.45
0.5
0.4
0.5263157894736842
0.631578947368421
0.55
0.65
0.3684210526315789
0.5789473684210527
0.5
0.65
0.65
0.65
0.55
0.45
0.6
0.5555555555555556
0.631578947368421
0.6
0.4
0.631578947368421
0.35
0.7
0.42105263157894735
0.6
0.55
0.6
0.6111111111111112
0.5
0.45
0.3157894736842105
0.3
0.6
0.8
0.47368421052631576
0.45
0.5
0.35
0.35
0.55
0.65
0.45
0.5
0.5
0.65
0.35
0.5
0.6
0.3
0.5
0.6
0.55
0.5
0.65
0.65
0.65
0.5263157894736842
